do
  ply = game.Players
  plr = ply.LocalPlayer
  Root = plr.Character.HumanoidRootPart
  replicated = game:GetService("ReplicatedStorage")
  Lv = game.Players.LocalPlayer.Data.Level.Value
  TeleportService = game:GetService("TeleportService")
  TW = game:GetService("TweenService")
  Lighting = game:GetService("Lighting")
  Enemies = workspace.Enemies
  vim1 = game:GetService("VirtualInputManager")
  vim2 = game:GetService("VirtualUser")
  TeamSelf = plr.Team
  plr:GetPropertyChangedSignal("Team"):Connect(function()
    TeamSelf = plr.Team
  end)
  RunSer = game:GetService("RunService")
  Stats = game:GetService("Stats")
  Energy = plr.Character.Energy.Value
  BringConnections = {}
  BossList = {}
  MaterialList = {}
  NPCList = {}
  shouldTween = false
  SoulGuitar = false
  KenTest = true
  debug = false
  Brazier1 = false
  Brazier2 = false
  Brazier3 = false
  Sec = 0.1
  ClickState = 0
  Num_self = 25
end

repeat local start = plr.PlayerGui:WaitForChild("Main"):WaitForChild("Loading") and game:IsLoaded() wait() until start

-- Anti AFK
if not getgenv().DC_AntiAFK_Connected then
  getgenv().DC_AntiAFK_Connected = true
  plr.Idled:Connect(function()
    pcall(function()
      vim2:Button2Down(Vector2.new(0, 0), workspace.CurrentCamera.CFrame)
      task.wait(1)
      vim2:Button2Up(Vector2.new(0, 0), workspace.CurrentCamera.CFrame)
    end)
  end)
end

World1 = game.PlaceId == 2753915549 or game.PlaceId == 85211729168715
World2 = game.PlaceId == 4442272183 or game.PlaceId == 79091703265657
World3 = game.PlaceId == 7449423635 or game.PlaceId == 100117331123089
World4 = game.PlaceId == 73902483975735
Sea = World1 or World2 or World3 or World4 or plr:Kick("Not Support Map ? | Blox Fruit ?")
Marines = function() replicated.Remotes.CommF_:InvokeServer("SetTeam","Marines") end
Pirates = function() replicated.Remotes.CommF_:InvokeServer("SetTeam","Pirates") end
if World1 then BossList = {"The Gorilla King","Bobby","The Saw","Yeti","Mob Leader","Vice Admiral","Saber Expert","Warden","Chief Warden","Swan","Magma Admiral","Fishman Lord","Wysper","Thunder God","Cyborg","Ice Admiral","Greybeard"}
elseif World2 then BossList = {"Diamond","Jeremy","Orbitus","Don Swan","Smoke Admiral","Awakened Ice Admiral","Tide Keeper","Darkbeard","Cursed Captain","Order"}
elseif World3 then BossList = {"Stone","Hydra Leader","Kilo Admiral","Captain Elephant","Beautiful Pirate","Cake Queen","Dough King","Longma","Soul Reaper","Tyrant of the Skies"}
end
if World1 then MaterialList = {"Leather + Scrap Metal", "Angel Wings", "Magma Ore", "Fish Tail"}
elseif World2 then MaterialList = {"Leather + Scrap Metal", "Radioactive Material", "Ectoplasm", "Mystic Droplet", "Magma Ore", "Vampire Fang"}
elseif World3 then MaterialList = {"Scrap Metal", "Demonic Wisp", "Conjured Cocoa", "Dragon Scale", "Gunpowder", "Fish Tail", "Mini Tusk"}
end
local DoorBySea = {
    World1 = { -- Sea 1
        CFrame.new(-663.9844360351562, 10.661487579345703, 1702.4075927734375),
        CFrame.new(-569.425476, 10.6625795, 1555.19812, 0.965862036, 0, 0.259057134, 0, 1, 0, -0.259057134, 0, 0.965862036),
        CFrame.new(-615.751221, 10.6684809, 1477.42603, 0.499786854, 0, 0.866148472, 0, 1, 0, -0.866148472, 0, 0.499786854),
        CFrame.new(-1016.05951, 11.1554155, 1540.78235, -0.259074688, 0, 0.965857327, 0, 1, 0, -0.965857327, 0, -0.259074688),
        CFrame.new(-1089.28284, 10.6633625, 1604.43518, 0.866141319, 0, -0.499799222, 0, 1, 0, 0.499799222, 0, 0.866141319),
        CFrame.new(-1090.78882, 10.5735903, 1694.84729, 0.965862036, 0, 0.259057134, 0, 1, 0, -0.259057134, 0, 0.965862036),
        CFrame.new(-722.884277, 13.1791992, 1441.67004, 0.130574167, 0, 0.991438746, 0, 1, 0, -0.991438746, 0, 0.130574167),
        CFrame.new(-807.183594, 11.152545, 1488.5459, -0.259074688, 0, 0.965857327, 0, 1, 0, -0.965857327, 0, -0.259074688),
        CFrame.new(-879.806702, 11.1480875, 1457.44836, -0.965862155, 0, -0.259057134, 0, 1, 0, 0.259057134, 0, -0.965862155),
        CFrame.new(-931.028748, 12.3667698, 1788.7218, -0.130574584, 0, -0.991438746, 0, 1, 0, 0.991438746, 0, -0.130574584),
        CFrame.new(-743.997375, 9.12766838, 1771.24597, -0.965862155, 0, -0.259057134, 0, 1, 0, 0.259057134, 0, -0.965862155),
        CFrame.new(-502.915009, 11.1081972, 1534.43835, -0.965862155, 0, -0.259057134, 0, 1, 0, 0.259057134, 0, -0.965862155),
        CFrame.new(-567.464966, 11.2645111, 1387.86267, -0.499786854, 0, -0.866148472, 0, 1, 0, 0.866148472, 0, -0.499786854),
        CFrame.new(-1034.07739, 12.5107775, 1473.56006, 0.259074628, -0, -0.965857327, 0, 1, -0, 0.965857327, 0, 0.259074628),
        CFrame.new(-1176.11072, 11.1645613, 1551.41028, 0.866141319, -0, -0.499799222, 0, 1, -0, 0.499799222, 0, 0.866141319),
        CFrame.new(-1158.6062, 11.3645849, 1710.18604, 0.965862036, 0, 0.259057134, 0, 1, 0, -0.259057134, 0, 0.965862036)
    },
    World2 = { -- Sea 2
        CFrame.new(-61.5351906, 74.4224091, 402.107605, -0.707134247, 0, -0.707079291, 0, 1, 0, 0.707079291, 0, -0.707134247),
        CFrame.new(69.3701019, 75.8226624, 470.087311, 0.74314785, 0, -0.669127226, 0, 1, 0, 0.669127226, 0, 0.74314785),
        CFrame.new(-11.9682884, 74.4216156, 549.419861, -1, 0, 0, 0, 1, 0, 0, 0, -1),
        CFrame.new(-36.8832054, 74.4508743, 317.247559, 0.707134247, 0, 0.707079291, 0, 1, 0, -0.707079291, 0, 0.707134247),
        CFrame.new(-76.8325958, 75.8383408, 275.735626, 0.707134247, -3.30324547e-05, 0.707079291, -3.30324547e-05, 1, 7.97517787e-05, -0.707079291, -7.97517787e-05, 0.707134247),
        CFrame.new(-102.217758, 75.8358002, 250.35051, 0.707134247, -3.30324547e-05, 0.707079291, -3.30324547e-05, 1, 7.97517787e-05, -0.707079291, -7.97517787e-05, 0.707134247),
        CFrame.new(-127.249313, 75.833252, 225.318924, 0.707134247, -3.30324547e-05, 0.707079291, -3.30324547e-05, 1, 7.97517787e-05, -0.707079291, -7.97517787e-05, 0.707134247),
        CFrame.new(-264.754974, 75.823349, 154.394791, -0.694649816, 0, 0.719348073, 0, 1, 0, -0.719348073, 0, -0.694649816),
        CFrame.new(-638.131226, 75.6917343, 202.8134, -0.999848366, 0, -0.017436387, 0, 1, 0, 0.017436387, 0, -0.999848366),
        CFrame.new(-688.067505, 74.9095612, 393.773071, 0.707134247, -0, -0.707079291, 0, 1, -0, 0.707079291, 0, 0.707134247),
        CFrame.new(-623.880371, 74.8693466, 99.3358688, 0.707134247, 0.00017884915, 0.707079291, 1.93455853e-05, 0.99999994, -0.000272287783, -0.707079291, 0.000206222874, 0.707134247),
        CFrame.new(-709.502625, 75.6916504, 277.115509, -0.0175019503, 0, 0.999846935, 0, 1, 0, -0.999846935, 0, -0.0175019503),
        CFrame.new(-749.345276, 75.8029709, 318.83078, -0.707134247, -0.00017884915, 0.707079291, 1.93455853e-05, 0.99999994, 0.000272287783, -0.707079291, 0.000206222874, -0.707134247),
        CFrame.new(-774.801147, 75.7933273, 344.286621, -0.707134247, -0.00017884915, 0.707079291, 1.93455853e-05, 0.99999994, 0.000272287783, -0.707079291, 0.000206222874, -0.707134247),
        CFrame.new(-799.691345, 75.7838898, 369.176849, -0.707134247, -0.00017884915, 0.707079291, 1.93455853e-05, 0.99999994, 0.000272287783, -0.707079291, 0.000206222874, -0.707134247),
        CFrame.new(-368.115631, 75.8233261, 156.40126, 0.719358087, 0, 0.694639385, 0, 1, 0, -0.694639385, 0, 0.719358087),
        CFrame.new(-412.784393, 74.4335785, 156.166626, 0, 0, 1, 0, 1, -0, -1, 0, 0),
        CFrame.new(-508.141083, 75.8170013, 155.627289, 0, 0, 1, 0, 1, -0, -1, 0, 0),
    },
    World3 = { -- Sea 3
        CFrame.new(-12455.3896, 334.499054, -7698.82031, -0.707134247, 0, 0.707079291, 0, 1, 0, -0.707079291, 0, -0.707134247),
        CFrame.new(-12602.584, 334.555939, -7742.83398, -0.939700961, 0, 0.341998369, 0, 1, 0, -0.341998339, 0, -0.939700902),
        CFrame.new(-12753.3633, 334.586975, -7700.92871, 0.173624322, 0, -0.984811783, 0, 1, 0, 0.984811783, 0, 0.173624322),
        CFrame.new(-12257.124, 334.613007, -7417.19434, -0.996191859, 0, -0.0871884301, 0, 1, 0, 0.0871884301, 0, -0.996191859),
        CFrame.new(-12179.9883, 335.293854, -7568.4043, 0.984812498, 0, 0.173621148, 0, 1, 0, -0.173621148, 0, 0.984812498),
        CFrame.new(-12307.4014, 335.27951, -7572.65381, -0.173624277, 0, -0.984811902, 0, 1, 0, 0.984811902, 0, -0.173624277),
        CFrame.new(-12865.373, 335.293854, -7659.14648, -0.499959469, 0, 0.866048813, 0, 1, 0, -0.866048813, 0, -0.499959469),
        CFrame.new(-12773.7178, 335.287476, -7319.21484, -1.1920929e-07, 0, -1.00000012, 0, 1, 0, 1.00000012, 0, -1.1920929e-07),
        CFrame.new(-12540.7148, 335.287476, -7270.4917, -0.166172266, 0, -0.98609668, 0, 1, 0, 0.98609668, 0, -0.166172266)
    }
}
local Remotes = {
    RFSubmarineWorkerSpeak = replicated.Modules.Net["RF/SubmarineWorkerSpeak"],
    RFJobsRemoteFunction = replicated.Modules.Net["RF/JobsRemoteFunction"], 
    RFCraft = replicated:WaitForChild("Modules"):WaitForChild("Net"):WaitForChild("RF/Craft")
}
local DungeonTables = {"Flame","Ice","Quake","Light","Dark","String","Rumble","Magma","Human: Buddha","Sand","Bird: Phoenix","Dough"}
local RenMon = {"Snow Lurker","Arctic Warrior","Hidden Key","Awakened Ice Admiral"}
local CursedTables = {["Mob"] = "Mythological Pirate",["Mob2"] = "Cursed Skeleton","Hell's Messenger",["Mob3"] = "Cursed Skeleton","Heaven's Guardian"}
local Past = {"Part","SpawnLocation","Terrain","WedgePart","MeshPart"}
local BartMon = {"Swan Pirate","Jeremy"}
local CitizenTable = {"Forest Pirate","Captain Elephant"}
local Human_v3_Mob = {"Fajita","Jeremy","Diamond"}
local AllBoats = {"Beast Hunter","Lantern","Guardian","Grand Brigade","Dinghy","Sloop","The Sentinel"}
local mastery1 = {"Cookie Crafter"}
local mastery2 = {"Reborn Skeleton"}
local PosMsList = {["Pirate Millionaire"] = CFrame.new(-712.8272705078125, 98.5770492553711, 5711.9541015625),["Pistol Billionaire"] = CFrame.new(-723.4331665039062, 147.42906188964844, 5931.9931640625),["Dragon Crew Warrior"] = CFrame.new(7021.50439453125, 55.76270294189453, -730.1290893554688),["Dragon Crew Archer"] = CFrame.new(6625, 378, 244),["Female Islander"] = CFrame.new(4692.7939453125, 797.9766845703125, 858.8480224609375),["Venomous Assailant"] = CFrame.new(4902, 670, 39), ["Marine Commodore"] = CFrame.new(2401, 123, -7589),["Marine Rear Admiral"] = CFrame.new(3588, 229, -7085),["Fishman Raider"] = CFrame.new(-10941, 332, -8760),["Fishman Captain"] = CFrame.new(-11035, 332, -9087),["Forest Pirate"] = CFrame.new(-13446, 413, -7760),["Mythological Pirate"] = CFrame.new(-13510, 584, -6987),["Jungle Pirate"] = CFrame.new(-11778, 426, -10592),["Musketeer Pirate"] = CFrame.new(-13282, 496, -9565),["Reborn Skeleton"] = CFrame.new(-8764, 142, 5963),["Living Zombie"] = CFrame.new(-10227, 421, 6161),["Demonic Soul"] = CFrame.new(-9579, 6, 6194),["Posessed Mummy"] = CFrame.new(-9579, 6, 6194),["Peanut Scout"] = CFrame.new(-1993, 187, -10103),["Peanut President"] = CFrame.new(-2215, 159, -10474),["Ice Cream Chef"] = CFrame.new(-877, 118, -11032),["Ice Cream Commander"] = CFrame.new(-877, 118, -11032),["Cookie Crafter"] = CFrame.new(-2021, 38, -12028),["Cake Guard"] = CFrame.new(-2024, 38, -12026),["Baking Staff"] = CFrame.new(-1932, 38, -12848),["Head Baker"] = CFrame.new(-1932, 38, -12848),["Cocoa Warrior"] = CFrame.new(95, 73, -12309),["Chocolate Bar Battler"] = CFrame.new(647, 42, -12401),["Sweet Thief"] = CFrame.new(116, 36, -12478),["Candy Rebel"] = CFrame.new(47, 61, -12889),["Ghost"] = CFrame.new(5251, 5, 1111)}
EquipWeapon = function(text)
  if not text then return end
  if plr.Backpack:FindFirstChild(text) then
	plr.Character.Humanoid:EquipTool(plr.Backpack:FindFirstChild(text))
  end
end
weaponSc = function(weapon)
  for __in, v in pairs(plr.Backpack:GetChildren()) do
    if v:IsA("Tool") then
      if v.ToolTip == weapon then EquipWeapon(v.Name) end
    end
  end
end
hookfunction(require(game:GetService("ReplicatedStorage").Effect.Container.Death),function() end)
hookfunction(require(game:GetService("ReplicatedStorage"):WaitForChild("GuideModule")).ChangeDisplayedNPC,function()end)
hookfunction(error, function()end)
hookfunction(warn, function()end)
local Rock = workspace:FindFirstChild("Rocks")
if Rock then Rock:Destroy()end
gay = (function()
  local lighting = game:GetService("Lighting")
  local lightingLayers = lighting:FindFirstChild("LightingLayers")
  if lightingLayers and game:GetService("Lighting") and game:GetService("Lighting") then
    local darkFog = lightingLayers:FindFirstChild("DarkFog")
    if darkFog then darkFog:Destroy() end
  end      
end)()
local Attack = {}
Attack.__index = Attack
Attack.Alive = function(model) if not model then return end local Humanoid = model:FindFirstChild("Humanoid") return Humanoid and Humanoid.Health > 0 end
Attack.Pos = function(model,dist) return (Root.Position - mode.Position).Magnitude <= dist end
Attack.Dist = function(model,dist) return (Root.Position - model:FindFirstChild("HumanoidRootPart").Position).Magnitude <= dist end
Attack.DistH = function(model,dist) return (Root.Position - model:FindFirstChild("HumanoidRootPart").Position).Magnitude > dist end
Attack.Kill = function(model,Succes)
  if model and Succes then
  if not model:GetAttribute("Locked") then model:SetAttribute("Locked",model.HumanoidRootPart.CFrame) end
  PosMon = model:GetAttribute("Locked").Position
  BringEnemy()
  EquipWeapon(_G.SelectWeapon)
  local Equipped = game.Players.LocalPlayer.Character:FindFirstChildOfClass("Tool")
  if not Equipped then return end
  local ToolTip = Equipped.ToolTip
  if ToolTip == "Blox Fruit" then _tp(model.HumanoidRootPart.CFrame * CFrame.new(0,10,0) * CFrame.Angles(0,math.rad(90),0)) else _tp(model.HumanoidRootPart.CFrame * CFrame.new(0,30,0) * CFrame.Angles(0,math.rad(180),0))end
  if RandomCFrame then wait(.5)_tp(model.HumanoidRootPart.CFrame * CFrame.new(0, 30, 25)) wait(.5)_tp(model.HumanoidRootPart.CFrame * CFrame.new(25, 30, 0)) wait(.5)_tp(model.HumanoidRootPart.CFrame * CFrame.new(-25, 30 ,0)) wait(.5)_tp(model.HumanoidRootPart.CFrame * CFrame.new(0, 30, 25)) wait(.5)_tp(model.HumanoidRootPart.CFrame * CFrame.new(-25, 30, 0))end
  end
end
Attack.Kill2 = function(model,Succes)
  if model and Succes then
  if not model:GetAttribute("Locked") then model:SetAttribute("Locked",model.HumanoidRootPart.CFrame) end
  PosMon = model:GetAttribute("Locked").Position
  BringEnemy()
  EquipWeapon(_G.SelectWeapon)
  local Equipped = game.Players.LocalPlayer.Character:FindFirstChildOfClass("Tool")
  local ToolTip = Equipped.ToolTip
  if ToolTip == "Blox Fruit" then _tp(model.HumanoidRootPart.CFrame * CFrame.new(0,10,0) * CFrame.Angles(0,math.rad(90),0)) else _tp(model.HumanoidRootPart.CFrame * CFrame.new(0,30,8) * CFrame.Angles(0,math.rad(180),0))end
  if RandomCFrame then wait(0.1)_tp(model.HumanoidRootPart.CFrame * CFrame.new(0, 30, 25)) wait(0.1)_tp(model.HumanoidRootPart.CFrame * CFrame.new(25, 30, 0)) wait(0.1)_tp(model.HumanoidRootPart.CFrame * CFrame.new(-25, 30 ,0)) wait(0.1)_tp(model.HumanoidRootPart.CFrame * CFrame.new(0, 30, 25)) wait(0.1)_tp(model.HumanoidRootPart.CFrame * CFrame.new(-25, 30, 0))end
  end
end
Attack.KillSea = function(model,Succes)
  if model and Succes then
  if not model:GetAttribute("Locked") then model:SetAttribute("Locked",model.HumanoidRootPart.CFrame) end
  PosMon = model:GetAttribute("Locked").Position
  BringEnemy()
  EquipWeapon(_G.SelectWeapon)
  local Equipped = game.Players.LocalPlayer.Character:FindFirstChildOfClass("Tool")
  local ToolTip = Equipped.ToolTip
  if ToolTip == "Blox Fruit" then _tp(model.HumanoidRootPart.CFrame * CFrame.new(0,10,0) * CFrame.Angles(0,math.rad(90),0)) else notween(model.HumanoidRootPart.CFrame * CFrame.new(0,50,8)) wait(.85)notween(model.HumanoidRootPart.CFrame * CFrame.new(0,400,0)) wait(1)end
  end
end
Attack.Sword = function(model,Succes)
  if model and Succes then
  if not model:GetAttribute("Locked") then model:SetAttribute("Locked",model.HumanoidRootPart.CFrame) end
  PosMon = model:GetAttribute("Locked").Position
  BringEnemy()
  weaponSc("Sword")
  _tp(model.HumanoidRootPart.CFrame * CFrame.new(0,30,0))
  if RandomCFrame then wait(0.1)_tp(model.HumanoidRootPart.CFrame * CFrame.new(0, 30, 25)) wait(0.1)_tp(model.HumanoidRootPart.CFrame * CFrame.new(25, 30, 0)) wait(0.1)_tp(model.HumanoidRootPart.CFrame * CFrame.new(-25, 30 ,0)) wait(0.1)_tp(model.HumanoidRootPart.CFrame * CFrame.new(0, 30, 25)) wait(0.1)_tp(model.HumanoidRootPart.CFrame * CFrame.new(-25, 30, 0))end
  end
end
Attack.Mas = function(model,Succes)
  if model and Succes then
  if not model:GetAttribute("Locked") then model:SetAttribute("Locked",model.HumanoidRootPart.CFrame) end
  PosMon = model:GetAttribute("Locked").Position
  BringEnemy()
    if model.Humanoid.Health <= HealthM then
      _tp(model.HumanoidRootPart.CFrame * CFrame.new(0,20,0))
      Useskills("Blox Fruit","Z")
      Useskills("Blox Fruit","X")
      Useskills("Blox Fruit","C")
    else
      weaponSc("Melee")
      _tp(model.HumanoidRootPart.CFrame * CFrame.new(0,30,0))
    end
  end
end
Attack.Masgun = function(model,Succes)
  if model and Succes then
  if not model:GetAttribute("Locked") then model:SetAttribute("Locked",model.HumanoidRootPart.CFrame) end
  PosMon = model:GetAttribute("Locked").Position
  BringEnemy()
    if model.Humanoid.Health <= HealthM then
      _tp(model.HumanoidRootPart.CFrame * CFrame.new(0,35,8))
      Useskills("Gun","Z")
      Useskills("Gun","X")
    else
      weaponSc("Melee")
      _tp(model.HumanoidRootPart.CFrame * CFrame.new(0,30,0))
    end
  end
end
statsSetings = function(Num, value)
  if Num == "Melee" then
    if plr.Data.Points.Value ~= 0 then
      replicated.Remotes.CommF_:InvokeServer("AddPoint","Melee",value)
    end
  elseif Num == "Defense" then
    if plr.Data.Points.Value ~= 0 then
      replicated.Remotes.CommF_:InvokeServer("AddPoint","Defense",value)
    end
  elseif Num == "Sword" then
    if plr.Data.Points.Value ~= 0 then
      replicated.Remotes.CommF_:InvokeServer("AddPoint","Sword",value)
    end
  elseif Num == "Gun" then
    if plr.Data.Points.Value ~= 0 then
      replicated.Remotes.CommF_:InvokeServer("AddPoint","Gun",value)
    end
  elseif Num == "Devil" then
    if plr.Data.Points.Value ~= 0 then
      replicated.Remotes.CommF_:InvokeServer("AddPoint","Demon Fruit",value)
    end
  end
end
BringEnemy = function()
  if not _B then return end
  for _,v in pairs(workspace.Enemies:GetChildren()) do
    if v:FindFirstChild("Humanoid") and v.Humanoid.Health > 0 then
	  if (v.PrimaryPart.Position - PosMon).Magnitude <= 300 then
	    v.PrimaryPart.CFrame = CFrame.new(PosMon)
		v.PrimaryPart.CanCollide = true;
		v:FindFirstChild("Humanoid").WalkSpeed = 0;
		v:FindFirstChild("Humanoid").JumpPower = 0;
		if v.Humanoid:FindFirstChild("Animator") then v.Humanoid.Animator:Destroy()end;
		plr.SimulationRadius = math.huge
	  end
	end                               
  end                    	
end
Useskills = function(weapon, skill)
  if weapon == "Melee" then
    weaponSc("Melee")
    if skill == "Z" then
      vim1:SendKeyEvent(true, "Z", false, game);
      vim1:SendKeyEvent(false, "Z", false, game);
    elseif skill == "X" then
      vim1:SendKeyEvent(true, "X", false, game);
      vim1:SendKeyEvent(false, "X", false, game);
    elseif skill == "C" then
      vim1:SendKeyEvent(true, "C", false, game);
      vim1:SendKeyEvent(false, "C", false, game);
    end
  elseif weapon == "Sword" then
    weaponSc("Sword")
    if skill == "Z" then
      vim1:SendKeyEvent(true, "Z", false, game);
      vim1:SendKeyEvent(false, "Z", false, game);
    elseif skill == "X" then
      vim1:SendKeyEvent(true, "X", false, game);
      vim1:SendKeyEvent(false, "X", false, game);
    end
  elseif weapon == "Blox Fruit" then
    weaponSc("Blox Fruit")
    if skill == "Z" then
      vim1:SendKeyEvent(true, "Z", false, game);
      vim1:SendKeyEvent(false, "Z", false, game);
    elseif skill == "X" then
      vim1:SendKeyEvent(true, "X", false, game);
      vim1:SendKeyEvent(false, "X", false, game);
    elseif skill == "C" then
      vim1:SendKeyEvent(true, "C", false, game);
      vim1:SendKeyEvent(false, "C", false, game);        
    elseif skill == "V" then
      vim1:SendKeyEvent(true, "V", false, game);
      vim1:SendKeyEvent(false, "V", false, game);
    end
  elseif weapon == "Gun" then
    weaponSc("Gun")
    if skill == "Z" then
      vim1:SendKeyEvent(true, "Z", false, game);
      vim1:SendKeyEvent(false, "Z", false, game);
    elseif skill == "X" then
      vim1:SendKeyEvent(true, "X", false, game);
      vim1:SendKeyEvent(false, "X", false, game);
    end
  end
  if weapon == "nil" and skill == "Y" then
    vim1:SendKeyEvent(true, "Y", false, game);
    vim1:SendKeyEvent(false, "Y", false, game);
  end
end
local gg = getrawmetatable(game)
local old = gg.__namecall
setreadonly(gg, false)
gg.__namecall = newcclosure(function(...)
  local method = getnamecallmethod()
  local args = {...}    
    if tostring(method) == "FireServer" then
      if tostring(args[1]) == "RemoteEvent" then
        if tostring(args[2]) ~= "true" and tostring(args[2]) ~= "false" then
          if (_G.FarmMastery_G and not SoulGuitar) or (_G.FarmMastery_Dev) or (_G.FarmBlazeEM) or (_G.Prehis_Skills) or (_G.SeaBeast1 or _G.FishBoat or _G.PGB or _G.Leviathan1 or _G.Complete_Trials) or (_G.AimMethod and ABmethod == "AimBots Skill") or (_G.AimMethod and ABmethod == "Auto Aimbots") then
            args[2] = MousePos
            return old(unpack(args))
          end
        end
      end
    end
  return old(...)
end)
GetConnectionEnemies = function(a)
  for i,v in pairs(replicated:GetChildren()) do
    if v:IsA("Model") and  ((typeof(a) == "table" and table.find(a, v.Name)) or v.Name == a) and v:FindFirstChild("Humanoid") and v.Humanoid.Health > 0 then
      return v
    end
  end
  for i,v in next,game.Workspace.Enemies:GetChildren() do
    if v:IsA("Model") and ((typeof(a) == "table" and table.find(a, v.Name)) or v.Name == a)  and v:FindFirstChild("Humanoid") and v.Humanoid.Health > 0 then
      return v
    end
  end
end
LowCpu = function()
  local decalsyeeted = true
  local g = game
  local w = g.Workspace
  local l = g.Lighting
  local t = w.Terrain
  t.WaterWaveSize = 0
  t.WaterWaveSpeed = 0
  t.WaterReflectance = 0
  t.WaterTransparency = 0
  l.GlobalShadows = false
  l.FogEnd = 9e9
  l.Brightness = 0
  settings().Rendering.QualityLevel = "Level01"
  for i, v in pairs(g:GetDescendants()) do
    if v:IsA("Part") or v:IsA("Union") or v:IsA("CornerWedgePart") or v:IsA("TrussPart") then
      v.Material = "Plastic"
      v.Reflectance = 0
    elseif v:IsA("Decal") or v:IsA("Texture") and decalsyeeted then
      v.Transparency = 1
    elseif v:IsA("ParticleEmitter") or v:IsA("Trail") then
      v.Lifetime = NumberRange.new(0)
    elseif v:IsA("Explosion") then
      v.BlastPressure = 1
      v.BlastRadius = 1
    elseif v:IsA("Fire") or v:IsA("SpotLight") or v:IsA("Smoke") or v:IsA("Sparkles") then
      v.Enabled = false
    elseif v:IsA("MeshPart") then
      v.Material = "Plastic"
      v.Reflectance = 0
      v.TextureID = 10385902758728957
    end
  end
  for i, e in pairs(l:GetChildren()) do
    if e:IsA("BlurEffect") or e:IsA("SunRaysEffect") or e:IsA("ColorCorrectionEffect") or e:IsA("BloomEffect") or e:IsA("DepthOfFieldEffect") then
      e.Enabled = false
    end
  end
end
CheckF = function()
  if GetBP("Dragon-Dragon") or GetBP("Gas-Gas") or GetBP("Yeti-Yeti") or GetBP("Kitsune-Kitsune") or GetBP("T-Rex-T-Rex") then return true end
end
CheckBoat = function()
  for i, v in pairs(workspace.Boats:GetChildren()) do
    if tostring(v.Owner.Value) == tostring(plr.Name) then
      return v    
end;
  end;
  return false
end;
CheckEnemiesBoat = function()
  for _,v in pairs(workspace.Enemies:GetChildren()) do
    if (v.Name == "FishBoat") and v:FindFirstChild("Health").Value > 0 then
      return true    
end;
  end;
  return false
end;
CheckPirateGrandBrigade = function()
  for _,v in pairs(workspace.Enemies:GetChildren()) do
    if (v.Name == "PirateGrandBrigade" or v.Name == "PirateBrigade") and v:FindFirstChild("Health").Value > 0 then
      return true
    end
  end
  return false
end
CheckShark = function()
  for _,v in pairs(workspace.Enemies:GetChildren()) do
    if v.Name == "Shark" and Attack.Alive(v) then
      return true    
end;
  end;
  return false
end;
CheckTerrorShark = function()
  for _,v in pairs(workspace.Enemies:GetChildren()) do
    if v.Name == "Terrorshark" and Attack.Alive(v) then
      return true    
end;
  end;
  return false
end;
CheckPiranha = function()
  for _,v in pairs(workspace.Enemies:GetChildren()) do
    if v.Name == "Piranha" and Attack.Alive(v) then
      return true    
end;
  end;
  return false
end;
CheckFishCrew = function()
  for _,v in pairs(workspace.Enemies:GetChildren()) do
    if (v.Name == "Fish Crew Member" or v.Name == "Haunted Crew Member") and Attack.Alive(v) then
      return true    
end;
  end;
  return false
end;
CheckHauntedCrew = function()
  for _,v in pairs(workspace.Enemies:GetChildren()) do
    if (v.Name == "Haunted Crew Member") and Attack.Alive(v) then
      return true    
end;
  end;
  return false
end;
CheckSeaBeast = function()
  if workspace.SeaBeasts:FindFirstChild("SeaBeast1") then
    return true  
end;
  return false
end;
CheckLeviathan = function()
  if workspace.SeaBeasts:FindFirstChild("Leviathan") then
    return true  
end;
  return false
end;
UpdStFruit = function()
  for z,x in next, plr.Backpack:GetChildren() do
  StoreFruit = x:FindFirstChild("EatRemote", true)
    if StoreFruit then
      replicated.Remotes.CommF_:InvokeServer("StoreFruit",StoreFruit.Parent:GetAttribute("OriginalName"),
      plr.Backpack:FindFirstChild(x.Name))
    end
  end
end
collectFruits = function(Succes)
  if Succes then
    local Character = plr.Character
    for _,v1 in pairs(workspace:GetChildren()) do
    if string.find(v1.Name, "Fruit") then v1.Handle.CFrame = Character.HumanoidRootPart.CFrame end
    end
  end
end
Getmoon = function()
  if World1 then
    return Lighting.FantasySky.MoonTextureId
  elseif World2 then
    return Lighting.FantasySky.MoonTextureId
  elseif World3 then
    return Lighting.Sky.MoonTextureId
  end
end
DropFruits = function()
  for _,v3 in next, plr.Backpack:GetChildren() do
    if string.find(v3.Name, "Fruit") then
      EquipWeapon(v3.Name) wait(.1)
      if plr.PlayerGui.Main.Dialogue.Visible == true then plr.PlayerGui.Main.Dialogue.Visible = false end EquipWeapon(v3.Name) plr.Character:FindFirstChild(v3.Name).EatRemote:InvokeServer("Drop")
    end
  end
  for a,b2 in pairs(plr.Character:GetChildren()) do
    if string.find(b2.Name, "Fruit") then EquipWeapon(b2.Name) wait(.1)
    if plr.PlayerGui.Main.Dialogue.Visible == true then plr.PlayerGui.Main.Dialogue.Visible = false end EquipWeapon(b2.Name) plr.Character:FindFirstChild(b2.Name).EatRemote:InvokeServer("Drop")
    end
  end
end
GetBP = function(v)
  return plr.Backpack:FindFirstChild(v) or plr.Character:FindFirstChild(v)
end
GetIn = function(Name)
  for _ ,v1 in pairs(replicated.Remotes.CommF_:InvokeServer("getInventory")) do
    if type(v1) == "table" then
      if v1.Name == Name or plr.Character:FindFirstChild(Name) or plr.Backpack:FindFirstChild(Name) then
        return true
	 end
    end
  end
  return false
end
GetM = function(Name)
  for _,tab in pairs(replicated.Remotes.CommF_:InvokeServer("getInventory")) do
    if type(tab) == "table" then
	  if tab.Type == "Material" then
	    if tab.Name == Name then
		  return tab.Count
	    end
	  end
    end
  end
return 0
end
GetWP = function(nametool)
  for _,v4 in pairs(replicated.Remotes.CommF_:InvokeServer("getInventory")) do
    if type(v4) == "table" then
      if v4.Type == "Sword" then
        if v4.Name == nametool or plr.Character:FindFirstChild(nametool) or plr.Backpack:FindFirstChild(nametool) then
	     return true
	     end
	   end
      end
    end
  return false
end 
getInfinity_Ability = function(Method, Var)
  if not Root then return end
  if Method == "Soru" and Var then
    for _,gc in next, getgc() do
      if plr.Character.Soru then
        if ((typeof(gc) == "function") and (getfenv(gc).script == plr.Character.Soru)) then
          for _, v in next, getupvalues(gc) do
            if (typeof(v) == "table") then
              repeat wait(Sec) v.LastUse = 0 until not Var or (plr.Character.Humanoid.Health <= 0)
            end
          end
        end
      end
    end    
  elseif Method == "Energy" and Var then
    plr.Character.Energy.Changed:connect(function()
      if Var then plr.Character.Energy.Value = Energy end 
    end)
  elseif Method == "Observation" and Var then
    local VisionRadius = plr.VisionRadius
    VisionRadius.Value = math.huge
  end
end
Hop = function()
  pcall(function()
    for count = math.random(1, math.random(40, 75)), 100 do
      local remote = replicated.__ServerBrowser:InvokeServer(count)
	  for _, v in next, remote do
	  if tonumber(v['Count']) < 12 then TeleportService:TeleportToPlaceInstance(game.PlaceId, _) end
	  end    
    end
  end)
end
local block = Instance.new("Part", workspace)
block.Size = Vector3.new(1, 1, 1)
block.Name = "Rip_Indra"
block.Anchored = true
block.CanCollide = false
block.CanTouch = false
block.Transparency = 1
local blockfind = workspace:FindFirstChild(block.Name)
if blockfind and blockfind ~= block then blockfind:Destroy() end
task.spawn(function()while task.wait()do if block and block.Parent==workspace then if shouldTween then getgenv().OnFarm=true else getgenv().OnFarm=false end else getgenv().OnFarm=false end end end)
task.spawn(function()local a=game.Players.LocalPlayer;repeat task.wait()until a.Character and a.Character.PrimaryPart;block.CFrame=a.Character.PrimaryPart.CFrame;while task.wait()do pcall(function()if getgenv().OnFarm then if block and block.Parent==workspace then local b=a.Character and a.Character.PrimaryPart;if b and(b.Position-block.Position).Magnitude<=200 then b.CFrame=block.CFrame else block.CFrame=b.CFrame end end;local c=a.Character;if c then for d,e in pairs(c:GetChildren())do if e:IsA("BasePart")then e.CanCollide=false end end end else local c=a.Character;if c then for d,e in pairs(c:GetChildren())do if e:IsA("BasePart")then e.CanCollide=true end end end end end)end end)
_tp = function(target)
  local character = plr.Character
  if not character or not character:FindFirstChild("HumanoidRootPart") then return end
  local rootPart = character.HumanoidRootPart
  local distance = (target.Position - rootPart.Position).Magnitude
  local tweenInfo = TweenInfo.new(distance / 300, Enum.EasingStyle.Linear)
  local tween = game:GetService("TweenService"):Create(block, tweenInfo, {CFrame = target})
  if plr.Character.Humanoid.Sit == true then
    block.CFrame = CFrame.new(block.Position.X, target.Y, block.Position.Z)
  end
  tween:Play()
  task.spawn(function() while tween.PlaybackState == Enum.PlaybackState.Playing do if not shouldTween then tween:Cancel() break end task.wait(0.1) end end)
end

-- H闂傚倸鍊搁崐鎼佸磹瀹勬噴褰掑炊瑜夐弸鏍煛閸ャ儱鐏╃紒鎰殜閺岀喖鎮ч崼鐔哄嚒闂佸憡鍨规慨鎾煘閹达附鍋愰悗鍦Т椤ユ繄绱撴担鍝勵€岄柛銊ョ－濡?tween ri闂傚倸鍊搁崐鎼佸磹瀹勬噴褰掑炊瑜夐弸鏍煛閸ャ儱鐏╃紒鎰殜閺岀喖鎮ч崼鐔哄嚒闂佸憡鍨规慨鎾煘閹达附鍋愰悗鍦Т椤ユ繄绱撴担鍝勵€岄柛銊ョ－濡叉劙骞掗弬鐐媰缂傚倷闄嶉崹铏光偓?cho Tele to Saved CFrame (kh?ng d闂傚倸鍊搁崐鎼佸磹瀹勬噴褰掑炊瑜夐弸鏍煛閸ャ儱鐏╃紒鎰殜閺岀喖鎮ч崼鐔哄嚒闂佸憡鍨规慨鎾煘閹达附鍋愰悗鍦Т椤ユ繄绱撴担鍝勵€岄柛銊ョ－濡叉劙骞掗弬鐐媰缂傚倷闄嶉崹铏光偓?block)
_tpSmooth = function(target)
  local character = plr.Character
  if not character or not character:FindFirstChild("HumanoidRootPart") then return end
  local rootPart = character.HumanoidRootPart
  local distance = (target.Position - rootPart.Position).Magnitude
  if distance < 5 then return end
  
  -- T?o part t?m ?? tween
  local tempPart = Instance.new("Part")
  tempPart.Name = "TweenPart"
  tempPart.Size = Vector3.new(2, 2, 2)
  tempPart.CFrame = rootPart.CFrame
  tempPart.Anchored = true
  tempPart.CanCollide = false
  tempPart.Transparency = 1
  tempPart.Parent = workspace
  
  local tweenInfo = TweenInfo.new(distance / 350, Enum.EasingStyle.Linear)
  local tween = game:GetService("TweenService"):Create(tempPart, tweenInfo, {CFrame = target})
  
  local completed = false
  local conn = tween.Completed:Connect(function()
      completed = true
      conn:Disconnect()
  end)
  
  tween:Play()
  
  -- Update character position theo tempPart
  local startTime = tick()
  repeat
      task.wait(0.03)
      if character and character:FindFirstChild("HumanoidRootPart") then
          character.HumanoidRootPart.CFrame = tempPart.CFrame
      end
  until completed or (tick() - startTime) > (distance / 500 + 3)
  
  tempPart:Destroy()
end
TeleportToTarget = function(targetCFrame) if (targetCFrame.Position - plr.Character.HumanoidRootPart.Position).Magnitude > 1000 then _tp(targetCFrame)else _tp(targetCFrame)end end
notween = function(p) plr.Character.HumanoidRootPart.CFrame = p end
function BTP(p)
    local player = game.Players.LocalPlayer
    local humanoidRootPart = player.Character.HumanoidRootPart
    local humanoid = player.Character.Humanoid
    local playerGui = player.PlayerGui.Main
    local targetPosition = p.Position
    local lastPosition = humanoidRootPart.Position
    repeat
        humanoid.Health = 0
        humanoidRootPart.CFrame = p
        playerGui.Quest.Visible = false
        if (humanoidRootPart.Position - lastPosition).Magnitude > 1 then
            lastPosition = humanoidRootPart.Position
            humanoidRootPart.CFrame = p
        end
        task.wait(0.5)
    until (p.Position - humanoidRootPart.Position).Magnitude <= 2000
end
local _GTable = _G
local _GenvTable = (getgenv and getgenv()) or _G
local _GGuard = false
local function Gv(key)
  local v = rawget(_GenvTable, key)
  if v ~= nil then return v end
  v = rawget(_GTable, key)
  if v ~= nil then return v end
  if _GGuard then return nil end
  _GGuard = true
  local ok1, res1 = pcall(function() return _GenvTable[key] end)
  local ok2, res2 = pcall(function() return _GTable[key] end)
  _GGuard = false
  if ok1 and res1 ~= nil then return res1 end
  if ok2 and res2 ~= nil then return res2 end
  return nil
end

local AnyEnabledKeys = {
  "SailBoat_Hydra","WardenBoss","AutoFactory","HighestMirage","HCM","PGB","Leviathan1","UPGDrago",
  "Complete_Trials","TpDrago_Prehis","BuyDrago","AutoFireFlowers","DT_Uzoth","AutoBerry","Prehis_Find",
  "Prehis_Skills","Prehis_DB","Prehis_DE","FarmBlazeEM","Dojoo","CollectPresent","AutoLawKak","TpLab",
  "AutoPhoenixF","AutoFarmChest","AutoHytHallow","LongsWord","BlackSpikey","AutoHolyTorch","TrainDrago",
  "AutoSaber","FarmMastery_Dev","CitizenQuest","AutoEctoplasm","KeysRen","Auto_Rainbow_Haki","obsFarm",
  "AutoBigmom","Doughv2","AuraBoss","Raiding","Auto_Cavender","TpPly","Bartilo_Quest","Level","AutoFarmLevelEnabled",
  "FarmEliteHunt","AutoZou","AutoFarm_Bone","AutoMaterial","CraftVM","FrozenTP","TPDoor","AcientOne",
  "AutoFarmNear","AutoRaidCastle","DarkBladev3","AutoFarmRaid","Auto_Cake_Prince","Addealer","TPNpc",
  "TwinHook","FindMirage","FarmChestM","Shark","TerrorShark","Piranha","MobCrew","SeaBeast1","FishBoat",
  "AutoPole","AutoPoleV2","Auto_SuperHuman","AutoDeathStep","Auto_SharkMan_Karate","Auto_Electric_Claw",
  "AutoDragonTalon","Auto_Def_DarkCoat","Auto_God_Human","Auto_Tushita","AutoMatSoul","AutoKenVTWO",
  "AutoSerpentBow","AutoFMon","Auto_Soul_Guitar","TPGEAR","AutoSaw","AutoTridentW2","Auto_StartRaid",
  "AutoEvoRace","AutoGetQuestBounty","MarinesCoat","TravelDres","Defeating","DummyMan","Auto_Yama",
  "Auto_SwanGG","SwanCoat","AutoEcBoss","Auto_Mink","Auto_Human","Auto_Skypiea","Auto_Fish","CDK_TS",
  "CDK_YM","CDK","AutoFarmGodChalice","AutoFistDarkness","AutoMiror","Teleport","AutoKilo",
  "AutoGetUsoap","Praying","TryLucky","AutoColShad","AutoUnHaki","Auto_DonAcces","AutoRipIngay",
  "DragoV3","DragoV1","SailBoats","FarmGodChalice","IceBossRen","Lvthan","beasthunter","DangerLV",
  "Relic123","tweenKitsune","Collect_Ember","AutofindKitIs","snaguine","TwFruits","tweenKitShrine",
  "Tp_LgS","Tp_MasterA","tweenShrine","FarmMastery_G","FarmMastery_S","AutoFarmBoss","AutoFarmAllBoss",
  "AutoFishSlap","FarmTyrant","FarmPhaBinh","UpgradeRaceV2","AutoSpawnCP","AutoBerryH","AutoChestBP",
  "FarmEliteHop","AutoHop_Dough","AutoDoughKing","AutoChipFruit","AutoChipBeli","StartEvent",
  "AutoTrickOrTreat","FarmUnboundWerewolf"
}

local function AnyEnabled()
  for _, key in ipairs(AnyEnabledKeys) do
    if Gv(key) then
      return true
    end
  end
  if AutoCollectEggs or AutoFarmChest then
    return true
  end
  if NextIs or senth or senth2 then
    return true
  end
  return false
end

spawn(function()
  while task.wait() do
    pcall(function()
      if AnyEnabled() then
        if IsCollectingEggs then return end
        shouldTween = true
        if not plr.Character.HumanoidRootPart:FindFirstChild("BodyClip") then
          local Noclip = Instance.new("BodyVelocity")
          Noclip.Name = "BodyClip"
          Noclip.Parent = plr.Character.HumanoidRootPart
          Noclip.MaxForce = Vector3.new(100000,100000,100000)
          Noclip.Velocity = Vector3.new(0,0,0)
        end        
      if not plr.Character:FindFirstChild("highlight") then
    local Test = Instance.new("Highlight")
    Test.Name = "highlight"
    Test.Enabled = true
    Test.FillColor = Color3.fromRGB(255,165,0)
    Test.OutlineColor = Color3.fromRGB(255,0,0)
    Test.FillTransparency = 0.5
    Test.OutlineTransparency = 0.2
    Test.Parent = plr.Character
end
        for _, no in pairs(plr.Character:GetDescendants()) do if no:IsA("BasePart") then no.CanCollide = false end end
      else
        shouldTween = false
        if plr.Character.HumanoidRootPart:FindFirstChild("BodyClip") then plr.Character.HumanoidRootPart:FindFirstChild("BodyClip"):Destroy() end
        if plr.Character:FindFirstChild('highlight') then plr.Character:FindFirstChild('highlight'):Destroy() end	        
      end
    end)
  end
end)
